-18.04 14.49 28.49
95.33 12.07 99.83
62.69 64.12 116.43
92.92 9.48 89.74
57.31 98.27 93.64
-3.38 33.89 2.43
36.91 44.01 64.99
99.11 44.32 119.83
68.30 31.51 92.04
60.55 57.72 3.55
19.98 47.05 42.61
72.54 13.08 85.39
69.04 44.78 25.45
37.80 99.59 65.43
59.22 67.04 67.52
-19.13 54.30 26.32
-0.58 1.22 1.59
80.58 9.53 81.98
95.72 90.03 80.13
73.80 13.19 86.87
88.64 10.23 93.53
40.66 12.94 46.45
47.13 82.86 123.71
38.50 80.39 87.75
22.98 16.39 71.78
66.92 70.78 113.18
33.24 26.41 50.31
-10.54 94.34 1.73
76.53 96.60 147.42
76.72 29.18 68.58
2.14 55.70 56.98
-16.04 31.60 86.33
46.62 84.37 38.79
-18.24 55.16 61.64
44.41 54.91 109.49
6.55 11.17 14.99
9.78 4.76 8.06
28.65 60.18 87.80
23.93 83.35 66.95
-8.61 84.61 36.19
42.62 61.38 93.28
-2.74 87.86 74.66
67.90 96.03 32.43
-12.08 94.71 25.88
85.14 15.84 106.41
81.86 21.65 70.83
42.98 93.47 98.76
29.17 47.55 22.49
25.55 81.37 86.13
23.22 53.01 49.12
83.47 74.95 25.36
59.93 55.27 99.93
78.68 88.48 138.74
-15.60 23.29 88.29
98.65 1.32 97.76
31.35 87.63 90.19
67.62 93.66 53.23
-12.97 76.77 25.52
36.28 60.64 55.50
50.05 11.60 60.88
54.75 68.75 66.50
73.54 34.90 99.25
18.65 48.80 52.18
60.62 88.36 93.16
77.55 41.12 88.36
84.94 79.35 36.19
60.56 13.33 61.43
98.20 66.27 50.48
5.83 5.88 0.66
37.14 58.74 76.14
48.57 2.18 46.45
57.51 7.12 79.21
64.06 67.00 17.02
80.60 24.58 90.95
52.43 15.90 56.97
11.97 58.23 88.93
37.88 82.22 99.32
-14.94 8.49 44.96
92.30 37.74 140.35
9.85 54.86 62.47
87.69 64.53 108.77
34.22 55.60 39.79
65.49 17.13 54.25
88.64 38.50 107.75
92.93 78.82 184.72
87.56 68.47 142.05
99.54 5.98 97.58
-17.97 48.10 60.57
-11.69 88.46 39.17
-10.10 36.03 76.50
40.56 62.39 49.85
52.51 53.50 61.05
45.54 67.91 140.39
89.26 36.10 95.29
27.77 96.16 105.42
27.32 83.41 122.56
29.12 54.68 38.58
-15.50 60.42 7.65
-12.71 41.70 87.89
83.00 58.92 42.67
49.75 79.79 38.27
48.16 66.14 69.87
-4.70 45.89 14.11
27.19 49.29 28.56
5.16 83.62 81.65
-17.73 99.27 62.88
48.58 91.16 108.57
48.54 80.13 66.75
48.30 90.99 139.50
81.90 86.62 77.79
30.71 21.84 23.47
26.04 77.63 99.04
49.96 90.68 95.54
27.66 39.08 30.65
29.49 98.00 90.26
-7.62 37.44 12.07
77.58 97.68 155.78
-0.64 81.73 55.55
12.96 93.03 103.90
83.73 46.50 73.55
6.77 48.21 46.73
80.83 53.58 123.24
71.80 47.44 86.08
65.64 29.41 52.14
-11.26 64.25 43.65
9.87 96.84 90.97
78.51 39.78 93.70
-0.37 83.28 78.99
69.92 78.13 51.01
13.66 61.86 117.29
90.73 44.17 103.29
-15.75 51.49 39.75
65.18 39.27 124.74
43.44 47.22 82.84
80.31 73.99 65.23
10.97 80.86 91.81
74.19 18.71 87.13
57.75 7.53 107.35
79.30 62.13 35.23
78.80 24.30 72.61
-5.86 72.42 91.11
12.62 67.32 69.02
42.60 65.30 68.35
93.49 48.54 134.36
34.17 57.57 136.75
33.86 50.45 21.30
14.07 40.42 27.17
27.94 11.87 57.92
88.70 41.42 90.49
93.85 84.28 150.96
6.26 94.85 133.66
92.68 45.82 160.41
80.23 22.57 68.23
57.59 79.26 70.37
81.15 17.54 123.78
5.60 45.36 43.93
-1.23 27.12 77.72
58.79 71.00 101.77
12.17 87.43 84.25
-5.19 51.19 72.79
90.20 80.90 152.66
52.69 61.59 126.03
21.32 86.77 90.14
-8.46 61.65 17.05
19.09 43.97 31.91
5.41 51.50 48.81
88.52 64.53 53.34
3.78 44.70 47.38
99.58 41.89 59.62
22.23 33.41 51.89
7.30 1.23 36.08
62.59 74.90 172.71
56.77 85.68 95.55
21.46 69.78 90.30
81.43 91.50 102.70
25.16 34.20 24.74
11.14 36.13 35.58
61.47 85.47 30.58
42.60 95.06 138.56
74.88 90.56 84.49
-11.30 70.77 30.83
-7.01 60.91 34.93
92.80 1.35 92.58
79.35 21.55 98.60
-11.34 65.36 84.93
90.76 46.46 98.99
64.04 15.47 65.27
13.71 95.49 92.36
45.79 93.50 113.99
36.28 79.29 82.99
97.66 70.04 28.34
-2.99 88.23 52.14
69.28 23.60 75.33
8.43 95.81 102.29
3.95 76.77 79.62
88.24 91.52 11.46
27.33 51.95 124.23
24.03 4.05 20.11
26.69 39.88 17.28
52.68 38.73 58.95
28.61 89.64 111.90
35.11 20.85 45.87
29.55 42.82 95.45
-14.41 58.65 94.78
7.39 92.41 86.25
75.25 17.68 75.90
40.17 56.96 52.82
42.55 3.45 42.14
71.04 37.79 136.60
1.31 93.07 93.09
1.73 64.68 64.62
5.40 74.83 79.32
67.45 56.24 75.29
25.26 75.76 98.64
10.20 42.61 41.50
73.82 24.61 143.12
58.13 56.42 122.48
-8.04 53.03 46.19
-6.68 16.38 91.61
29.30 84.57 65.90
-17.15 16.53 94.25
-3.45 4.82 51.36
75.51 74.38 135.99
5.94 95.48 91.10
70.75 98.43 31.54
38.97 99.42 135.89
-18.77 89.39 16.85
66.08 22.07 66.06
86.39 66.64 87.11
16.43 8.34 22.37
73.09 78.30 46.04
55.51 61.47 78.36
18.35 59.13 89.68
9.77 27.75 22.50
8.25 58.63 56.35
62.64 80.15 72.60
-4.79 69.92 3.33
69.99 19.98 68.30
-7.24 16.69 90.95
58.09 11.81 87.18
40.00 52.88 58.82
29.52 34.87 111.18
77.07 63.89 69.27
10.87 42.49 77.05
59.20 61.67 65.45
29.96 51.64 100.32
47.25 81.56 67.56
38.53 48.58 81.25
56.17 82.86 179.12
49.59 38.91 14.38
80.14 58.78 123.77
64.28 44.21 30.84
-12.41 61.34 92.20
78.61 2.82 81.17
84.84 37.99 71.26
14.63 43.64 35.13
62.04 29.54 79.81
18.74 35.03 46.49
-4.26 44.63 41.38
98.61 73.37 42.65
56.21 88.37 97.51
54.17 50.35 77.69
16.90 74.70 93.43
42.72 40.24 34.05
80.81 80.33 122.80
-19.51 60.09 58.50
24.17 82.59 118.07
47.03 93.13 124.21
5.36 12.51 8.34
99.50 24.10 81.40
72.33 21.84 84.14
72.78 90.95 172.66
90.79 38.74 115.40
1.66 39.47 40.74
94.72 20.90 146.88
75.65 87.70 165.85
58.48 24.62 39.02
-4.24 47.73 58.89
50.03 25.43 71.58
96.86 71.77 152.93
48.35 63.01 55.46
96.46 58.89 112.36
23.57 94.47 100.13
12.00 97.07 85.26
24.60 16.61 40.83
40.98 81.67 57.58
10.86 21.42 67.59
-10.62 1.34 42.17
33.37 78.14 76.50
36.76 75.62 128.68
52.53 21.15 71.79
88.45 10.51 85.62
54.04 64.12 143.87
37.93 57.03 49.18
87.57 9.62 78.73
5.67 46.43 76.92
10.72 22.97 32.21
7.99 4.48 9.93
2.87 40.99 38.99
88.71 48.10 84.45
17.61 39.65 67.72
9.06 67.90 62.44
38.24 55.99 91.82
83.51 3.39 126.32
81.19 83.25 165.29
4.75 7.54 5.66
-4.37 81.09 55.31
88.71 12.35 83.46
-12.68 59.81 10.82
4.11 91.55 92.20
19.16 2.89 18.71
26.52 99.72 75.35
71.44 48.96 84.46
10.78 6.72 14.08
58.24 58.83 12.52
-13.81 67.00 8.37
74.43 39.23 91.90
61.57 42.90 43.84
20.75 6.32 31.86
25.62 45.96 63.76
-12.11 48.04 23.94
66.63 61.97 98.89
82.26 6.04 83.05
42.40 47.37 11.48
73.30 78.31 37.15
50.41 2.20 50.45
86.88 77.34 89.63
51.37 34.44 78.24
57.76 87.65 145.47
40.24 70.24 155.93
-7.49 64.58 83.76
39.25 26.76 22.47
50.42 18.71 42.56
38.92 32.12 68.19
50.08 83.96 69.89
22.29 56.07 105.96
80.05 9.65 135.64
49.80 72.93 138.12
43.08 48.97 39.20
29.14 86.56 71.43
-4.05 8.64 61.18
56.87 13.38 53.60
17.29 46.69 42.19
38.08 97.43 77.77
83.20 59.47 92.27
80.76 83.27 136.68
56.66 71.75 87.21
21.51 77.22 93.85
87.22 95.65 82.44
71.19 5.62 67.37
65.37 19.07 120.90
98.13 60.55 113.04
33.14 15.55 25.73
57.85 86.17 50.74
43.05 32.18 64.78
96.60 33.43 96.98
29.29 12.38 28.39
9.50 12.91 71.69
14.28 44.40 53.11
34.45 40.76 65.91
28.82 77.55 70.58
30.93 6.90 57.56
29.79 32.71 46.49
3.79 14.62 16.95
71.02 91.71 144.84
-3.12 49.67 8.42
97.68 48.15 60.89
94.60 73.90 127.40
-2.71 65.46 61.23
24.07 11.59 16.37
49.33 71.96 100.29
-5.02 9.30 5.06
7.09 38.90 93.46
47.50 29.40 55.85
7.43 16.69 21.24
13.92 57.67 57.18
39.81 61.98 29.69
85.59 43.46 91.02
11.96 64.03 61.20
83.42 93.31 175.07
1.87 23.52 74.27
43.32 60.62 92.98
68.14 6.01 64.78
54.33 53.88 110.69
-6.18 69.33 88.44
-8.66 22.93 86.41
77.45 72.49 45.90
86.14 91.58 56.50
43.63 99.88 88.85
85.76 49.17 140.90
57.66 51.74 48.98
56.02 48.63 19.66
-6.78 32.59 35.39
47.01 26.89 61.91
-15.72 42.44 86.54
12.94 26.71 55.97
73.96 81.84 125.58
1.45 28.97 27.83
96.44 72.30 194.02
71.19 37.57 95.31
-15.29 61.37 23.49
87.55 66.04 60.61
38.62 14.89 34.30
32.87 42.86 22.40
2.01 95.88 94.98
-0.85 82.63 87.75
68.59 38.55 67.32
41.08 45.77 24.59
87.84 12.22 76.25
37.26 58.56 25.20
4.66 3.10 2.71
-7.27 41.63 45.39
9.94 76.63 75.51
46.94 14.09 35.31
80.47 91.37 12.47
95.58 4.23 105.86
61.68 86.15 111.88
63.90 70.93 149.81
63.49 52.53 77.86
36.49 18.86 37.42
76.28 53.96 90.25
60.31 89.24 79.65
59.68 78.38 47.12
36.82 43.55 59.95
-10.03 91.13 43.07
90.08 44.11 65.89
32.20 18.56 94.87
88.01 88.64 196.63
90.24 77.76 136.39
-17.51 41.01 26.27
50.19 42.48 14.80
58.28 93.82 134.10
14.43 29.39 72.23
62.04 72.08 73.82
99.39 18.46 126.04
18.45 33.68 84.89
66.47 91.42 94.54
45.43 79.31 64.44
27.89 91.35 128.84
47.43 82.24 119.72
30.11 62.13 139.11
78.80 1.63 78.85
72.81 98.98 109.73
15.09 7.01 16.93
91.26 4.20 95.44
86.80 71.98 64.22
48.28 19.74 112.91
-3.99 75.91 20.68
9.95 91.20 100.50
-14.02 62.99 99.49
67.94 97.57 170.62
81.64 4.79 82.85
63.75 66.82 122.18
45.04 36.35 29.55
33.00 7.18 27.95
70.70 11.80 72.87
90.40 33.31 59.23
64.20 7.52 63.31
-2.86 69.83 23.13
50.62 38.73 96.28
11.29 66.31 60.49
67.08 45.44 35.41
21.37 16.62 33.08
37.54 76.56 102.11
44.87 5.23 88.94
21.72 43.55 44.98
75.86 89.00 190.59
9.50 70.89 75.13
87.75 19.41 81.36
-1.92 80.42 16.17
66.83 31.07 81.25
36.66 95.75 85.46
95.95 62.63 97.69
84.47 73.27 137.48
-2.56 56.68 79.90
65.88 27.17 43.37
23.95 19.14 34.23
-12.92 21.14 74.25
2.39 47.42 48.05
64.74 99.13 161.93
99.56 97.99 102.93
87.10 61.78 139.77
42.48 95.23 80.51
-8.04 59.44 81.17
76.24 83.81 99.49
-9.06 82.80 24.95
61.78 23.97 70.20
6.27 71.03 69.57
-11.64 25.30 34.87
27.12 96.95 95.48
-11.82 15.55 5.27
7.34 29.62 26.98
85.89 72.12 18.53
52.01 95.46 146.70
98.02 65.78 52.11
94.25 95.26 1.90
-1.47 38.95 62.53
93.22 46.41 52.19
29.36 39.90 57.66
-19.04 1.28 49.94
